tm,MVm,PVm
0.000000000000000000e+00,0.000000000000000000e+00,0.000000000000000000e+00
1.000000000000000000e+00,1.000000000000000000e+00,-1.449999999999995737e-02
2.000000000000000000e+00,1.000000000000000000e+00,-1.524999999999998579e-02
3.000000000000000000e+00,1.000000000000000000e+00,-3.250000000000064036e-03
4.000000000000000000e+00,1.000000000000000000e+00,-1.375000000000010589e-02
5.000000000000000000e+00,1.000000000000000000e+00,2.500000000000035614e-03
6.000000000000000000e+00,1.000000000000000000e+00,1.775000000000002270e-02
7.000000000000000000e+00,1.000000000000000000e+00,-2.500000000000035614e-03
8.000000000000000000e+00,1.000000000000000000e+00,1.199999999999992219e-02
9.000000000000000000e+00,1.000000000000000000e+00,-1.500000000000056843e-03
1.000000000000000000e+01,1.000000000000000000e+00,-9.750000000000013864e-03
1.100000000000000000e+01,1.000000000000000000e+00,3.699999999999992184e-02
1.200000000000000000e+01,1.000000000000000000e+00,-2.500000000000035614e-03
1.300000000000000000e+01,1.000000000000000000e+00,-1.375000000000010589e-02
1.400000000000000000e+01,1.000000000000000000e+00,1.750000000000007192e-03
1.500000000000000000e+01,1.000000000000000000e+00,-1.600000000000001421e-02
1.600000000000000000e+01,1.000000000000000000e+00,2.500000000000035614e-03
1.700000000000000000e+01,1.000000000000000000e+00,-7.249999999999978684e-03
1.800000000000000000e+01,1.000000000000000000e+00,2.500000000000035614e-03
1.900000000000000000e+01,1.000000000000000000e+00,2.500000000000035614e-03
2.000000000000000000e+01,1.000000000000000000e+00,1.374999999999992895e-02
2.100000000000000000e+01,1.000000000000000000e+00,8.000000000000007105e-03
2.200000000000000000e+01,1.000000000000000000e+00,6.499999999999950262e-03
2.300000000000000000e+01,1.000000000000000000e+00,1.050000000000004229e-02
2.400000000000000000e+01,1.000000000000000000e+00,3.999999999999915082e-03
2.500000000000000000e+01,1.000000000000000000e+00,1.124999999999989377e-02
2.600000000000000000e+01,1.000000000000000000e+00,1.124999999999989377e-02
2.700000000000000000e+01,1.000000000000000000e+00,1.050000000000004229e-02
2.800000000000000000e+01,1.000000000000000000e+00,1.624999999999996586e-02
2.900000000000000000e+01,1.000000000000000000e+00,8.000000000000007105e-03
3.000000000000000000e+01,1.000000000000000000e+00,1.699999999999999428e-02
3.100000000000000000e+01,1.000000000000000000e+00,2.099999999999990763e-02
3.200000000000000000e+01,1.000000000000000000e+00,1.849999999999987071e-02
3.300000000000000000e+01,1.000000000000000000e+00,2.024999999999987921e-02
3.400000000000000000e+01,1.000000000000000000e+00,1.849999999999987071e-02
3.500000000000000000e+01,1.000000000000000000e+00,1.524999999999998579e-02
3.600000000000000000e+01,1.000000000000000000e+00,2.249999999999996447e-02
3.700000000000000000e+01,1.000000000000000000e+00,2.500000000000000139e-02
3.800000000000000000e+01,1.000000000000000000e+00,1.775000000000002270e-02
3.900000000000000000e+01,1.000000000000000000e+00,2.750000000000003483e-02
4.000000000000000000e+01,1.000000000000000000e+00,2.349999999999994454e-02
4.100000000000000000e+01,1.000000000000000000e+00,2.649999999999987782e-02
4.200000000000000000e+01,1.000000000000000000e+00,1.374999999999992895e-02
4.300000000000000000e+01,1.000000000000000000e+00,2.974999999999994316e-02
4.400000000000000000e+01,1.000000000000000000e+00,2.024999999999987921e-02
4.500000000000000000e+01,1.000000000000000000e+00,3.224999999999998007e-02
4.600000000000000000e+01,1.000000000000000000e+00,1.699999999999999428e-02
4.700000000000000000e+01,1.000000000000000000e+00,3.475000000000001699e-02
4.800000000000000000e+01,1.000000000000000000e+00,2.750000000000003483e-02
4.900000000000000000e+01,1.000000000000000000e+00,3.074999999999992323e-02
5.000000000000000000e+01,1.000000000000000000e+00,3.550000000000004541e-02
5.100000000000000000e+01,1.000000000000000000e+00,4.674999999999993744e-02
5.200000000000000000e+01,1.000000000000000000e+00,4.199999999999999567e-02
5.300000000000000000e+01,1.000000000000000000e+00,3.074999999999992323e-02
5.400000000000000000e+01,1.000000000000000000e+00,4.275000000000002409e-02
5.500000000000000000e+01,1.000000000000000000e+00,3.300000000000000849e-02
5.600000000000000000e+01,1.000000000000000000e+00,4.100000000000001560e-02
5.700000000000000000e+01,1.000000000000000000e+00,4.100000000000001560e-02
5.800000000000000000e+01,1.000000000000000000e+00,3.224999999999998007e-02
5.900000000000000000e+01,1.000000000000000000e+00,4.824999999999999428e-02
6.000000000000000000e+01,1.000000000000000000e+00,3.550000000000004541e-02
6.100000000000000000e+01,1.000000000000000000e+00,5.075000000000003120e-02
6.200000000000000000e+01,1.000000000000000000e+00,3.300000000000000849e-02
6.300000000000000000e+01,1.000000000000000000e+00,5.149999999999987921e-02
6.400000000000000000e+01,1.000000000000000000e+00,5.075000000000003120e-02
6.500000000000000000e+01,1.000000000000000000e+00,5.649999999999995304e-02
6.600000000000000000e+01,1.000000000000000000e+00,5.724999999999998146e-02
6.700000000000000000e+01,1.000000000000000000e+00,5.875000000000003830e-02
6.800000000000000000e+01,1.000000000000000000e+00,5.875000000000003830e-02
6.900000000000000000e+01,1.000000000000000000e+00,7.099999999999991041e-02
7.000000000000000000e+01,1.000000000000000000e+00,6.274999999999994471e-02
7.100000000000000000e+01,1.000000000000000000e+00,5.474999999999994454e-02
7.200000000000000000e+01,1.000000000000000000e+00,6.600000000000001699e-02
7.300000000000000000e+01,1.000000000000000000e+00,6.775000000000001854e-02
7.400000000000000000e+01,1.000000000000000000e+00,6.775000000000001854e-02
7.500000000000000000e+01,1.000000000000000000e+00,6.699999999999999012e-02
7.600000000000000000e+01,1.000000000000000000e+00,6.699999999999999012e-02
7.700000000000000000e+01,1.000000000000000000e+00,6.849999999999986655e-02
7.800000000000000000e+01,1.000000000000000000e+00,6.199999999999992323e-02
7.900000000000000000e+01,1.000000000000000000e+00,7.424999999999996880e-02
8.000000000000000000e+01,1.000000000000000000e+00,5.724999999999998146e-02
8.100000000000000000e+01,1.000000000000000000e+00,6.374999999999993172e-02
8.200000000000000000e+01,1.000000000000000000e+00,6.600000000000001699e-02
8.300000000000000000e+01,1.000000000000000000e+00,6.050000000000003986e-02
8.400000000000000000e+01,1.000000000000000000e+00,7.824999999999988909e-02
8.500000000000000000e+01,1.000000000000000000e+00,7.824999999999988909e-02
8.600000000000000000e+01,1.000000000000000000e+00,6.199999999999992323e-02
8.700000000000000000e+01,1.000000000000000000e+00,8.149999999999994749e-02
8.800000000000000000e+01,1.000000000000000000e+00,7.575000000000002565e-02
8.900000000000000000e+01,1.000000000000000000e+00,8.300000000000000433e-02
9.000000000000000000e+01,1.000000000000000000e+00,8.774999999999995304e-02
9.100000000000000000e+01,1.000000000000000000e+00,8.449999999999988076e-02
9.200000000000000000e+01,1.000000000000000000e+00,8.874999999999992617e-02
9.300000000000000000e+01,1.000000000000000000e+00,8.874999999999992617e-02
9.400000000000000000e+01,1.000000000000000000e+00,9.100000000000001144e-02
9.500000000000000000e+01,1.000000000000000000e+00,7.974999999999994593e-02
9.600000000000000000e+01,1.000000000000000000e+00,9.100000000000001144e-02
9.700000000000000000e+01,1.000000000000000000e+00,9.100000000000001144e-02
9.800000000000000000e+01,1.000000000000000000e+00,9.175000000000003986e-02
9.900000000000000000e+01,1.000000000000000000e+00,9.100000000000001144e-02
1.000000000000000000e+02,1.000000000000000000e+00,1.022499999999999104e-01
1.010000000000000000e+02,1.000000000000000000e+00,9.499999999999993172e-02
1.020000000000000000e+02,1.000000000000000000e+00,9.599999999999990485e-02
1.030000000000000000e+02,1.000000000000000000e+00,9.900000000000001854e-02
1.040000000000000000e+02,1.000000000000000000e+00,9.900000000000001854e-02
1.050000000000000000e+02,1.000000000000000000e+00,9.499999999999993172e-02
1.060000000000000000e+02,1.000000000000000000e+00,9.900000000000001854e-02
1.070000000000000000e+02,1.000000000000000000e+00,8.449999999999988076e-02
1.080000000000000000e+02,1.000000000000000000e+00,1.054999999999999688e-01
1.090000000000000000e+02,1.000000000000000000e+00,9.599999999999990485e-02
1.100000000000000000e+02,1.000000000000000000e+00,1.072499999999999842e-01
1.110000000000000000e+02,1.000000000000000000e+00,1.087500000000000411e-01
1.120000000000000000e+02,1.000000000000000000e+00,1.022499999999999104e-01
1.130000000000000000e+02,1.000000000000000000e+00,1.080000000000000127e-01
1.140000000000000000e+02,1.000000000000000000e+00,1.337500000000000355e-01
1.150000000000000000e+02,1.000000000000000000e+00,1.119999999999999191e-01
1.160000000000000000e+02,1.000000000000000000e+00,1.119999999999999191e-01
1.170000000000000000e+02,1.000000000000000000e+00,1.000000000000000056e-01
1.180000000000000000e+02,1.000000000000000000e+00,1.152499999999999913e-01
1.190000000000000000e+02,1.000000000000000000e+00,9.900000000000001854e-02
1.200000000000000000e+02,1.000000000000000000e+00,1.152499999999999913e-01
1.210000000000000000e+02,1.000000000000000000e+00,1.032499999999998835e-01
1.220000000000000000e+02,1.000000000000000000e+00,1.184999999999998693e-01
1.230000000000000000e+02,1.000000000000000000e+00,1.272499999999999187e-01
1.240000000000000000e+02,1.000000000000000000e+00,1.217499999999999416e-01
1.250000000000000000e+02,1.000000000000000000e+00,1.207499999999999546e-01
1.260000000000000000e+02,1.000000000000000000e+00,1.232499999999999984e-01
1.270000000000000000e+02,1.000000000000000000e+00,1.224999999999999700e-01
1.280000000000000000e+02,1.000000000000000000e+00,1.232499999999999984e-01
1.290000000000000000e+02,1.000000000000000000e+00,1.232499999999999984e-01
1.300000000000000000e+02,1.000000000000000000e+00,1.217499999999999416e-01
1.310000000000000000e+02,1.000000000000000000e+00,1.250000000000000000e-01
1.320000000000000000e+02,1.000000000000000000e+00,1.177500000000000213e-01
1.330000000000000000e+02,1.000000000000000000e+00,1.272499999999999187e-01
1.340000000000000000e+02,1.000000000000000000e+00,1.144999999999999629e-01
1.350000000000000000e+02,1.000000000000000000e+00,1.312500000000000056e-01
1.360000000000000000e+02,1.000000000000000000e+00,1.184999999999998693e-01
1.370000000000000000e+02,1.000000000000000000e+00,1.312500000000000056e-01
1.380000000000000000e+02,1.000000000000000000e+00,1.217499999999999416e-01
1.390000000000000000e+02,1.000000000000000000e+00,1.434999999999998777e-01
1.400000000000000000e+02,1.000000000000000000e+00,1.322499999999999787e-01
1.410000000000000000e+02,1.000000000000000000e+00,1.394999999999999574e-01
1.420000000000000000e+02,1.000000000000000000e+00,1.330000000000000071e-01
1.430000000000000000e+02,1.000000000000000000e+00,1.272499999999999187e-01
1.440000000000000000e+02,1.000000000000000000e+00,1.312500000000000056e-01
1.450000000000000000e+02,1.000000000000000000e+00,1.377499999999999558e-01
1.460000000000000000e+02,1.000000000000000000e+00,1.352499999999999258e-01
1.470000000000000000e+02,1.000000000000000000e+00,1.384999999999999842e-01
1.480000000000000000e+02,1.000000000000000000e+00,1.232499999999999984e-01
1.490000000000000000e+02,1.000000000000000000e+00,1.377499999999999558e-01
1.500000000000000000e+02,1.000000000000000000e+00,1.352499999999999258e-01
1.510000000000000000e+02,1.000000000000000000e+00,1.152499999999999913e-01
1.520000000000000000e+02,1.000000000000000000e+00,1.402499999999999858e-01
1.530000000000000000e+02,1.000000000000000000e+00,1.402499999999999858e-01
1.540000000000000000e+02,1.000000000000000000e+00,1.402499999999999858e-01
1.550000000000000000e+02,1.000000000000000000e+00,1.377499999999999558e-01
1.560000000000000000e+02,1.000000000000000000e+00,1.410000000000000142e-01
1.570000000000000000e+02,1.000000000000000000e+00,1.449999999999999345e-01
1.580000000000000000e+02,1.000000000000000000e+00,1.442499999999999061e-01
1.590000000000000000e+02,1.000000000000000000e+00,1.449999999999999345e-01
1.600000000000000000e+02,1.000000000000000000e+00,1.490000000000000213e-01
1.610000000000000000e+02,1.000000000000000000e+00,1.482499999999999929e-01
1.620000000000000000e+02,1.000000000000000000e+00,1.467499999999999361e-01
1.630000000000000000e+02,1.000000000000000000e+00,1.474999999999999645e-01
1.640000000000000000e+02,1.000000000000000000e+00,1.467499999999999361e-01
1.650000000000000000e+02,1.000000000000000000e+00,1.490000000000000213e-01
1.660000000000000000e+02,1.000000000000000000e+00,1.474999999999999645e-01
1.670000000000000000e+02,1.000000000000000000e+00,1.572499999999999731e-01
1.680000000000000000e+02,1.000000000000000000e+00,1.482499999999999929e-01
1.690000000000000000e+02,1.000000000000000000e+00,1.562500000000000000e-01
1.700000000000000000e+02,1.000000000000000000e+00,1.547499999999999432e-01
1.710000000000000000e+02,1.000000000000000000e+00,1.384999999999999842e-01
1.720000000000000000e+02,1.000000000000000000e+00,1.482499999999999929e-01
1.730000000000000000e+02,1.000000000000000000e+00,1.499999999999999944e-01
1.740000000000000000e+02,1.000000000000000000e+00,1.634999999999999787e-01
1.750000000000000000e+02,1.000000000000000000e+00,1.554999999999999716e-01
1.760000000000000000e+02,1.000000000000000000e+00,1.427500000000000158e-01
1.770000000000000000e+02,1.000000000000000000e+00,1.562500000000000000e-01
1.780000000000000000e+02,1.000000000000000000e+00,1.499999999999999944e-01
1.790000000000000000e+02,1.000000000000000000e+00,1.554999999999999716e-01
1.800000000000000000e+02,1.000000000000000000e+00,1.547499999999999432e-01
1.810000000000000000e+02,1.000000000000000000e+00,1.732499999999999873e-01
1.820000000000000000e+02,1.000000000000000000e+00,1.522499999999999132e-01
1.830000000000000000e+02,1.000000000000000000e+00,1.572499999999999731e-01
1.840000000000000000e+02,1.000000000000000000e+00,1.554999999999999716e-01
1.850000000000000000e+02,1.000000000000000000e+00,1.572499999999999731e-01
1.860000000000000000e+02,1.000000000000000000e+00,1.602499999999999203e-01
1.870000000000000000e+02,1.000000000000000000e+00,1.869999999999999163e-01
1.880000000000000000e+02,1.000000000000000000e+00,1.634999999999999787e-01
1.890000000000000000e+02,1.000000000000000000e+00,1.580000000000000016e-01
1.900000000000000000e+02,1.000000000000000000e+00,1.644999999999999518e-01
1.910000000000000000e+02,1.000000000000000000e+00,1.507500000000000229e-01
1.920000000000000000e+02,1.000000000000000000e+00,1.490000000000000213e-01
1.930000000000000000e+02,1.000000000000000000e+00,1.572499999999999731e-01
1.940000000000000000e+02,1.000000000000000000e+00,1.539999999999999147e-01
1.950000000000000000e+02,1.000000000000000000e+00,1.644999999999999518e-01
1.960000000000000000e+02,1.000000000000000000e+00,1.667500000000000371e-01
1.970000000000000000e+02,1.000000000000000000e+00,1.674999999999998990e-01
1.980000000000000000e+02,1.000000000000000000e+00,1.634999999999999787e-01
1.990000000000000000e+02,1.000000000000000000e+00,1.684999999999998721e-01
2.000000000000000000e+02,1.000000000000000000e+00,1.684999999999998721e-01
2.010000000000000000e+02,1.000000000000000000e+00,1.692499999999999005e-01
2.020000000000000000e+02,1.000000000000000000e+00,1.717499999999999305e-01
2.030000000000000000e+02,1.000000000000000000e+00,1.634999999999999787e-01
2.040000000000000000e+02,1.000000000000000000e+00,1.717499999999999305e-01
2.050000000000000000e+02,1.000000000000000000e+00,1.634999999999999787e-01
2.060000000000000000e+02,1.000000000000000000e+00,1.732499999999999873e-01
2.070000000000000000e+02,1.000000000000000000e+00,1.644999999999999518e-01
2.080000000000000000e+02,1.000000000000000000e+00,1.974999999999999534e-01
2.090000000000000000e+02,1.000000000000000000e+00,1.757500000000000173e-01
2.100000000000000000e+02,1.000000000000000000e+00,1.652499999999999802e-01
2.110000000000000000e+02,1.000000000000000000e+00,1.772499999999999076e-01
2.120000000000000000e+02,1.000000000000000000e+00,1.797499999999999376e-01
2.130000000000000000e+02,1.000000000000000000e+00,1.789999999999999092e-01
2.140000000000000000e+02,1.000000000000000000e+00,1.779999999999999361e-01
2.150000000000000000e+02,1.000000000000000000e+00,1.764999999999998792e-01
2.160000000000000000e+02,1.000000000000000000e+00,1.789999999999999092e-01
2.170000000000000000e+02,1.000000000000000000e+00,1.757500000000000173e-01
2.180000000000000000e+02,1.000000000000000000e+00,1.797499999999999376e-01
2.190000000000000000e+02,1.000000000000000000e+00,1.717499999999999305e-01
2.200000000000000000e+02,1.000000000000000000e+00,1.797499999999999376e-01
2.210000000000000000e+02,1.000000000000000000e+00,1.612499999999998934e-01
2.220000000000000000e+02,1.000000000000000000e+00,1.804999999999999660e-01
2.230000000000000000e+02,1.000000000000000000e+00,1.997499999999998721e-01
2.240000000000000000e+02,1.000000000000000000e+00,1.957499999999999518e-01
2.250000000000000000e+02,1.000000000000000000e+00,1.812499999999999944e-01
2.260000000000000000e+02,1.000000000000000000e+00,1.717499999999999305e-01
2.270000000000000000e+02,1.000000000000000000e+00,1.837500000000000244e-01
2.280000000000000000e+02,1.000000000000000000e+00,1.869999999999999163e-01
2.290000000000000000e+02,1.000000000000000000e+00,1.982499999999999818e-01
2.300000000000000000e+02,1.000000000000000000e+00,1.844999999999998863e-01
2.310000000000000000e+02,1.000000000000000000e+00,1.844999999999998863e-01
2.320000000000000000e+02,1.000000000000000000e+00,1.869999999999999163e-01
2.330000000000000000e+02,1.000000000000000000e+00,1.877499999999999447e-01
2.340000000000000000e+02,1.000000000000000000e+00,1.789999999999999092e-01
2.350000000000000000e+02,1.000000000000000000e+00,1.869999999999999163e-01
2.360000000000000000e+02,1.000000000000000000e+00,1.877499999999999447e-01
2.370000000000000000e+02,1.000000000000000000e+00,1.877499999999999447e-01
2.380000000000000000e+02,1.000000000000000000e+00,1.717499999999999305e-01
2.390000000000000000e+02,1.000000000000000000e+00,2.127499999999999392e-01
2.400000000000000000e+02,1.000000000000000000e+00,1.884999999999999731e-01
2.410000000000000000e+02,1.000000000000000000e+00,1.877499999999999447e-01
2.420000000000000000e+02,1.000000000000000000e+00,2.109999999999999376e-01
2.430000000000000000e+02,1.000000000000000000e+00,1.924999999999998934e-01
2.440000000000000000e+02,1.000000000000000000e+00,1.917500000000000315e-01
2.450000000000000000e+02,1.000000000000000000e+00,1.869999999999999163e-01
2.460000000000000000e+02,1.000000000000000000e+00,1.917500000000000315e-01
2.470000000000000000e+02,1.000000000000000000e+00,1.902499999999999747e-01
2.480000000000000000e+02,1.000000000000000000e+00,1.934999999999998666e-01
2.490000000000000000e+02,1.000000000000000000e+00,1.797499999999999376e-01
2.500000000000000000e+02,1.000000000000000000e+00,1.910000000000000031e-01
2.510000000000000000e+02,1.000000000000000000e+00,1.957499999999999518e-01
2.520000000000000000e+02,1.000000000000000000e+00,1.957499999999999518e-01
2.530000000000000000e+02,1.000000000000000000e+00,1.974999999999999534e-01
2.540000000000000000e+02,1.000000000000000000e+00,1.812499999999999944e-01
2.550000000000000000e+02,1.000000000000000000e+00,1.974999999999999534e-01
2.560000000000000000e+02,1.000000000000000000e+00,1.957499999999999518e-01
2.570000000000000000e+02,1.000000000000000000e+00,1.957499999999999518e-01
2.580000000000000000e+02,1.000000000000000000e+00,1.852499999999999147e-01
2.590000000000000000e+02,1.000000000000000000e+00,2.080000000000000182e-01
2.600000000000000000e+02,1.000000000000000000e+00,1.982499999999999818e-01
2.610000000000000000e+02,1.000000000000000000e+00,1.957499999999999518e-01
2.620000000000000000e+02,1.000000000000000000e+00,1.957499999999999518e-01
2.630000000000000000e+02,1.000000000000000000e+00,1.877499999999999447e-01
2.640000000000000000e+02,1.000000000000000000e+00,1.957499999999999518e-01
2.650000000000000000e+02,1.000000000000000000e+00,1.957499999999999518e-01
2.660000000000000000e+02,1.000000000000000000e+00,1.964999999999999802e-01
2.670000000000000000e+02,1.000000000000000000e+00,2.037499999999999589e-01
2.680000000000000000e+02,1.000000000000000000e+00,1.892500000000000016e-01
2.690000000000000000e+02,1.000000000000000000e+00,1.957499999999999518e-01
2.700000000000000000e+02,1.000000000000000000e+00,1.964999999999999802e-01
2.710000000000000000e+02,1.000000000000000000e+00,1.829999999999999960e-01
2.720000000000000000e+02,1.000000000000000000e+00,1.877499999999999447e-01
2.730000000000000000e+02,1.000000000000000000e+00,2.029999999999999305e-01
2.740000000000000000e+02,1.000000000000000000e+00,2.014999999999998737e-01
2.750000000000000000e+02,1.000000000000000000e+00,2.029999999999999305e-01
2.760000000000000000e+02,1.000000000000000000e+00,2.102499999999999092e-01
2.770000000000000000e+02,1.000000000000000000e+00,1.942499999999998950e-01
2.780000000000000000e+02,1.000000000000000000e+00,2.007500000000000395e-01
2.790000000000000000e+02,1.000000000000000000e+00,2.014999999999998737e-01
2.800000000000000000e+02,1.000000000000000000e+00,2.007500000000000395e-01
2.810000000000000000e+02,1.000000000000000000e+00,2.224999999999999756e-01
2.820000000000000000e+02,1.000000000000000000e+00,1.982499999999999818e-01
2.830000000000000000e+02,1.000000000000000000e+00,2.037499999999999589e-01
2.840000000000000000e+02,1.000000000000000000e+00,1.949999999999999234e-01
2.850000000000000000e+02,1.000000000000000000e+00,2.047499999999999321e-01
2.860000000000000000e+02,1.000000000000000000e+00,1.974999999999999534e-01
2.870000000000000000e+02,1.000000000000000000e+00,2.047499999999999321e-01
2.880000000000000000e+02,1.000000000000000000e+00,2.022499999999999021e-01
2.890000000000000000e+02,1.000000000000000000e+00,2.007500000000000395e-01
2.900000000000000000e+02,1.000000000000000000e+00,2.102499999999999092e-01
2.910000000000000000e+02,1.000000000000000000e+00,2.070000000000000173e-01
2.920000000000000000e+02,1.000000000000000000e+00,2.070000000000000173e-01
2.930000000000000000e+02,1.000000000000000000e+00,2.087500000000000466e-01
2.940000000000000000e+02,1.000000000000000000e+00,1.997499999999998721e-01
2.950000000000000000e+02,1.000000000000000000e+00,1.990000000000000102e-01
2.960000000000000000e+02,1.000000000000000000e+00,2.102499999999999092e-01
2.970000000000000000e+02,1.000000000000000000e+00,2.119999999999999107e-01
2.980000000000000000e+02,1.000000000000000000e+00,2.119999999999999107e-01
2.990000000000000000e+02,1.000000000000000000e+00,2.247499999999998666e-01
3.000000000000000000e+02,1.000000000000000000e+00,2.127499999999999392e-01
3.010000000000000000e+02,1.000000000000000000e+00,2.127499999999999392e-01
3.020000000000000000e+02,1.000000000000000000e+00,2.119999999999999107e-01
3.030000000000000000e+02,1.000000000000000000e+00,1.924999999999998934e-01
3.040000000000000000e+02,1.000000000000000000e+00,2.119999999999999107e-01
3.050000000000000000e+02,1.000000000000000000e+00,2.119999999999999107e-01
3.060000000000000000e+02,1.000000000000000000e+00,2.119999999999999107e-01
3.070000000000000000e+02,1.000000000000000000e+00,2.174999999999998879e-01
3.080000000000000000e+02,1.000000000000000000e+00,2.119999999999999107e-01
3.090000000000000000e+02,1.000000000000000000e+00,2.127499999999999392e-01
3.100000000000000000e+02,1.000000000000000000e+00,2.142499999999999960e-01
3.110000000000000000e+02,1.000000000000000000e+00,1.997499999999998721e-01
3.120000000000000000e+02,1.000000000000000000e+00,2.047499999999999321e-01
3.130000000000000000e+02,1.000000000000000000e+00,2.142499999999999960e-01
3.140000000000000000e+02,1.000000000000000000e+00,2.142499999999999960e-01
3.150000000000000000e+02,1.000000000000000000e+00,2.152499999999999969e-01
3.160000000000000000e+02,1.000000000000000000e+00,2.022499999999999021e-01
3.170000000000000000e+02,1.000000000000000000e+00,2.152499999999999969e-01
3.180000000000000000e+02,1.000000000000000000e+00,2.167500000000000537e-01
3.190000000000000000e+02,1.000000000000000000e+00,2.174999999999998879e-01
3.200000000000000000e+02,1.000000000000000000e+00,2.054999999999999605e-01
3.210000000000000000e+02,1.000000000000000000e+00,2.199999999999999178e-01
3.220000000000000000e+02,1.000000000000000000e+00,2.199999999999999178e-01
3.230000000000000000e+02,1.000000000000000000e+00,2.199999999999999178e-01
3.240000000000000000e+02,1.000000000000000000e+00,2.232500000000000040e-01
3.250000000000000000e+02,1.000000000000000000e+00,2.272499999999998965e-01
3.260000000000000000e+02,1.000000000000000000e+00,2.199999999999999178e-01
3.270000000000000000e+02,1.000000000000000000e+00,2.199999999999999178e-01
3.280000000000000000e+02,1.000000000000000000e+00,2.199999999999999178e-01
3.290000000000000000e+02,1.000000000000000000e+00,2.080000000000000182e-01
3.300000000000000000e+02,1.000000000000000000e+00,2.199999999999999178e-01
3.310000000000000000e+02,1.000000000000000000e+00,2.199999999999999178e-01
3.320000000000000000e+02,1.000000000000000000e+00,2.199999999999999178e-01
3.330000000000000000e+02,1.000000000000000000e+00,2.037499999999999589e-01
3.340000000000000000e+02,1.000000000000000000e+00,2.174999999999998879e-01
3.350000000000000000e+02,1.000000000000000000e+00,2.192499999999998894e-01
3.360000000000000000e+02,1.000000000000000000e+00,2.199999999999999178e-01
3.370000000000000000e+02,1.000000000000000000e+00,2.152499999999999969e-01
3.380000000000000000e+02,1.000000000000000000e+00,2.192499999999998894e-01
3.390000000000000000e+02,1.000000000000000000e+00,2.199999999999999178e-01
3.400000000000000000e+02,1.000000000000000000e+00,2.199999999999999178e-01
3.410000000000000000e+02,1.000000000000000000e+00,2.304999999999999827e-01
3.420000000000000000e+02,1.000000000000000000e+00,2.080000000000000182e-01
3.430000000000000000e+02,1.000000000000000000e+00,2.199999999999999178e-01
3.440000000000000000e+02,1.000000000000000000e+00,2.199999999999999178e-01
3.450000000000000000e+02,1.000000000000000000e+00,2.182499999999999163e-01
3.460000000000000000e+02,1.000000000000000000e+00,2.714999999999999636e-01
3.470000000000000000e+02,1.000000000000000000e+00,2.214999999999999747e-01
3.480000000000000000e+02,1.000000000000000000e+00,2.199999999999999178e-01
3.490000000000000000e+02,1.000000000000000000e+00,2.207499999999999463e-01
3.500000000000000000e+02,1.000000000000000000e+00,2.094999999999998808e-01
3.510000000000000000e+02,1.000000000000000000e+00,2.207499999999999463e-01
3.520000000000000000e+02,1.000000000000000000e+00,2.199999999999999178e-01
3.530000000000000000e+02,1.000000000000000000e+00,2.199999999999999178e-01
3.540000000000000000e+02,1.000000000000000000e+00,2.337500000000000411e-01
3.550000000000000000e+02,1.000000000000000000e+00,2.482499999999999984e-01
3.560000000000000000e+02,1.000000000000000000e+00,2.199999999999999178e-01
3.570000000000000000e+02,1.000000000000000000e+00,2.199999999999999178e-01
3.580000000000000000e+02,1.000000000000000000e+00,2.192499999999998894e-01
3.590000000000000000e+02,1.000000000000000000e+00,2.369999999999999329e-01
3.600000000000000000e+02,1.000000000000000000e+00,2.199999999999999178e-01
3.610000000000000000e+02,1.000000000000000000e+00,2.192499999999998894e-01
3.620000000000000000e+02,1.000000000000000000e+00,2.214999999999999747e-01
3.630000000000000000e+02,1.000000000000000000e+00,2.127499999999999392e-01
3.640000000000000000e+02,1.000000000000000000e+00,2.192499999999998894e-01
3.650000000000000000e+02,1.000000000000000000e+00,2.199999999999999178e-01
3.660000000000000000e+02,1.000000000000000000e+00,2.182499999999999163e-01
3.670000000000000000e+02,1.000000000000000000e+00,2.627499999999999281e-01
3.680000000000000000e+02,1.000000000000000000e+00,2.199999999999999178e-01
3.690000000000000000e+02,1.000000000000000000e+00,2.199999999999999178e-01
3.700000000000000000e+02,1.000000000000000000e+00,2.199999999999999178e-01
3.710000000000000000e+02,1.000000000000000000e+00,2.134999999999999676e-01
3.720000000000000000e+02,1.000000000000000000e+00,2.080000000000000182e-01
3.730000000000000000e+02,1.000000000000000000e+00,2.199999999999999178e-01
3.740000000000000000e+02,1.000000000000000000e+00,2.199999999999999178e-01
3.750000000000000000e+02,1.000000000000000000e+00,2.207499999999999463e-01
3.760000000000000000e+02,1.000000000000000000e+00,2.102499999999999092e-01
3.770000000000000000e+02,1.000000000000000000e+00,2.199999999999999178e-01
3.780000000000000000e+02,1.000000000000000000e+00,2.199999999999999178e-01
3.790000000000000000e+02,1.000000000000000000e+00,2.214999999999999747e-01
3.800000000000000000e+02,1.000000000000000000e+00,2.224999999999999756e-01
3.810000000000000000e+02,1.000000000000000000e+00,2.254999999999998950e-01
3.820000000000000000e+02,1.000000000000000000e+00,2.224999999999999756e-01
3.830000000000000000e+02,1.000000000000000000e+00,2.247499999999998666e-01
3.840000000000000000e+02,1.000000000000000000e+00,2.109999999999999376e-01
3.850000000000000000e+02,1.000000000000000000e+00,2.254999999999998950e-01
3.860000000000000000e+02,1.000000000000000000e+00,2.464999999999999969e-01
3.870000000000000000e+02,1.000000000000000000e+00,2.254999999999998950e-01
3.880000000000000000e+02,1.000000000000000000e+00,2.279999999999999249e-01
3.890000000000000000e+02,1.000000000000000000e+00,2.279999999999999249e-01
3.900000000000000000e+02,1.000000000000000000e+00,2.134999999999999676e-01
3.910000000000000000e+02,1.000000000000000000e+00,2.142499999999999960e-01
3.920000000000000000e+02,1.000000000000000000e+00,2.279999999999999249e-01
3.930000000000000000e+02,1.000000000000000000e+00,2.279999999999999249e-01
3.940000000000000000e+02,1.000000000000000000e+00,2.167500000000000537e-01
3.950000000000000000e+02,1.000000000000000000e+00,2.272499999999998965e-01
3.960000000000000000e+02,1.000000000000000000e+00,2.272499999999998965e-01
3.970000000000000000e+02,1.000000000000000000e+00,2.297499999999999543e-01
3.980000000000000000e+02,1.000000000000000000e+00,2.312500000000000111e-01
3.990000000000000000e+02,1.000000000000000000e+00,2.232500000000000040e-01
4.000000000000000000e+02,1.000000000000000000e+00,2.264999999999998681e-01
4.010000000000000000e+02,1.000000000000000000e+00,2.327499999999998737e-01
4.020000000000000000e+02,1.000000000000000000e+00,2.327499999999998737e-01
4.030000000000000000e+02,1.000000000000000000e+00,2.327499999999998737e-01
4.040000000000000000e+02,1.000000000000000000e+00,2.174999999999998879e-01
4.050000000000000000e+02,1.000000000000000000e+00,2.192499999999998894e-01
4.060000000000000000e+02,1.000000000000000000e+00,2.152499999999999969e-01
4.070000000000000000e+02,1.000000000000000000e+00,2.327499999999998737e-01
4.080000000000000000e+02,1.000000000000000000e+00,2.327499999999998737e-01
4.090000000000000000e+02,1.000000000000000000e+00,2.279999999999999249e-01
4.100000000000000000e+02,1.000000000000000000e+00,2.279999999999999249e-01
4.110000000000000000e+02,1.000000000000000000e+00,2.304999999999999827e-01
4.120000000000000000e+02,1.000000000000000000e+00,2.297499999999999543e-01
4.130000000000000000e+02,1.000000000000000000e+00,2.199999999999999178e-01
4.140000000000000000e+02,1.000000000000000000e+00,2.304999999999999827e-01
4.150000000000000000e+02,1.000000000000000000e+00,2.240000000000000324e-01
